bin	deg	k	value
0.05	25.0	3.0	0.7420289855072464
0.1	25.0	3.0	0.0
0.15	25.0	3.0	0.0
0.2	25.0	3.0	0.0
0.25	25.0	3.0	0.0
0.3	25.0	3.0	0.0
0.35	25.0	3.0	0.19903381642512077
0.4	25.0	3.0	0.0
0.45	25.0	3.0	0.0
0.5	25.0	3.0	0.0
0.55	25.0	3.0	0.0
0.6	25.0	3.0	0.0
0.65	25.0	3.0	0.0
0.7	25.0	3.0	0.038003220611916265
0.75	25.0	3.0	0.0
0.8	25.0	3.0	0.0
0.85	25.0	3.0	0.0
0.9	25.0	3.0	0.0
0.95	25.0	3.0	0.0
1.0	25.0	3.0	0.020933977455716585
0.05	25.0	4.0	0.5889295408946064
0.1	25.0	4.0	0.0
0.15	25.0	4.0	0.0
0.2	25.0	4.0	0.263188953145285
0.25	25.0	4.0	0.0
0.3	25.0	4.0	0.0
0.35	25.0	4.0	0.08037294936858255
0.4	25.0	4.0	0.0
0.45	25.0	4.0	0.0
0.5	25.0	4.0	0.0
0.55	25.0	4.0	0.039183288091585035
0.6	25.0	4.0	0.0
0.65	25.0	4.0	0.0
0.7	25.0	4.0	0.012274283016641095
0.75	25.0	4.0	0.0
0.8	25.0	4.0	0.0
0.85	25.0	4.0	0.00837955859789921
0.9	25.0	4.0	0.0
0.95	25.0	4.0	0.0
1.0	25.0	4.0	0.0076714268854006845
0.05	25.0	5.0	0.44155931293612455
0.1	25.0	5.0	0.0
0.15	25.0	5.0	0.2934447128287708
0.2	25.0	5.0	0.0
0.25	25.0	5.0	0.1247987117552335
0.3	25.0	5.0	0.0
0.35	25.0	5.0	0.06146001073537306
0.4	25.0	5.0	0.0
0.45	25.0	5.0	0.02747584541062802
0.5	25.0	5.0	0.0
0.55	25.0	5.0	0.017814009661835748
0.6	25.0	5.0	0.0
0.65	25.0	5.0	0.016505636070853463
0.7	25.0	5.0	0.0
0.75	25.0	5.0	0.005099302200751476
0.8	25.0	5.0	0.0
0.85	25.0	5.0	0.0036567364465915192
0.9	25.0	5.0	0.0
0.95	25.0	5.0	0.005099302200751476
1.0	25.0	5.0	0.0030864197530864196
0.05	25.0	6.0	0.32704613796324367
0.1	25.0	6.0	0.2911992920760035
0.15	25.0	6.0	0.15706244315714438
0.2	25.0	6.0	0.0
0.25	25.0	6.0	0.08580301031569805
0.3	25.0	6.0	0.04448286315927471
0.35	25.0	6.0	0.024769146312486175
0.4	25.0	6.0	0.0
0.45	25.0	6.0	0.02077068670266373
0.5	25.0	6.0	0.011749571886240547
0.55	25.0	6.0	0.007685563758224291
0.6	25.0	6.0	0.0
0.65	25.0	6.0	0.010422214392815883
0.7	25.0	6.0	0.008603243012937639
0.75	25.0	6.0	0.002900521930076118
0.8	25.0	6.0	0.0
0.85	25.0	6.0	0.0014174867059411538
0.9	25.0	6.0	0.002310585266331823
0.95	25.0	6.0	0.0027776184584627234
1.0	25.0	6.0	0.0009996149024556113
0.05	50.0	3.0	0.6934135740554999
0.1	50.0	3.0	0.0
0.15	50.0	3.0	0.0
0.2	50.0	3.0	0.0
0.25	50.0	3.0	0.0
0.3	50.0	3.0	0.0
0.35	50.0	3.0	0.23906568189416735
0.4	50.0	3.0	0.0
0.45	50.0	3.0	0.0
0.5	50.0	3.0	0.0
0.55	50.0	3.0	0.0
0.6	50.0	3.0	0.0
0.65	50.0	3.0	0.0
0.7	50.0	3.0	0.054724780401811494
0.75	50.0	3.0	0.0
0.8	50.0	3.0	0.0
0.85	50.0	3.0	0.0
0.9	50.0	3.0	0.0
0.95	50.0	3.0	0.0
1.0	50.0	3.0	0.012795963648521322
0.05	50.0	4.0	0.534155911556207
0.1	50.0	4.0	0.0
0.15	50.0	4.0	0.0
0.2	50.0	4.0	0.2915699514665541
0.25	50.0	4.0	0.0
0.3	50.0	4.0	0.0
0.35	50.0	4.0	0.1175481770016482
0.4	50.0	4.0	0.0
0.45	50.0	4.0	0.0
0.5	50.0	4.0	0.0
0.55	50.0	4.0	0.04123061656296516
0.6	50.0	4.0	0.0
0.65	50.0	4.0	0.0
0.7	50.0	4.0	0.011176665164848327
0.75	50.0	4.0	0.0
0.8	50.0	4.0	0.0
0.85	50.0	4.0	0.0033291890751270367
0.9	50.0	4.0	0.0
0.95	50.0	4.0	0.0
1.0	50.0	4.0	0.000989489172650177
0.05	50.0	5.0	0.3914743508424011
0.1	50.0	5.0	0.0
0.15	50.0	5.0	0.30134556353239766
0.2	50.0	5.0	0.0
0.25	50.0	5.0	0.16990285397201
0.3	50.0	5.0	0.0
0.35	50.0	5.0	0.08193076975519753
0.4	50.0	5.0	0.0
0.45	50.0	5.0	0.0339607653280933
0.5	50.0	5.0	0.0
0.55	50.0	5.0	0.013465451758803077
0.6	50.0	5.0	0.0
0.65	50.0	5.0	0.005233669983111418
0.7	50.0	5.0	0.0
0.75	50.0	5.0	0.0017628590981306918
0.8	50.0	5.0	0.0
0.85	50.0	5.0	0.0006182196482307548
0.9	50.0	5.0	0.0
0.95	50.0	5.0	0.00023300548598472002
1.0	50.0	5.0	7.249059563969067e-05
0.05	50.0	6.0	0.2792213503252789
0.1	50.0	6.0	0.2786486252229906
0.15	50.0	6.0	0.19832113395028397
0.2	50.0	6.0	0.0
0.25	50.0	6.0	0.1202165012212254
0.3	50.0	6.0	0.06433409962935237
0.35	50.0	6.0	0.03190338937679647
0.4	50.0	6.0	0.0
0.45	50.0	6.0	0.015145547589407015
0.5	50.0	6.0	0.00687272988269856
0.55	50.0	6.0	0.0030269603749406237
0.6	50.0	6.0	0.0
0.65	50.0	6.0	0.001341767248406946
0.7	50.0	6.0	0.0005821813312277081
0.75	50.0	6.0	0.00023338975955883081
0.8	50.0	6.0	0.0
0.85	50.0	6.0	9.298625123771829e-05
0.9	50.0	6.0	3.758134622442759e-05
0.95	50.0	6.0	1.7142996857616323e-05
1.0	50.0	6.0	4.613493512872926e-06
0.05	100.0	3.0	0.6877327687743205
0.1	100.0	3.0	0.0
0.15	100.0	3.0	0.0
0.2	100.0	3.0	0.0
0.25	100.0	3.0	0.0
0.3	100.0	3.0	0.0
0.35	100.0	3.0	0.2478299762944851
0.4	100.0	3.0	0.0
0.45	100.0	3.0	0.0
0.5	100.0	3.0	0.0
0.55	100.0	3.0	0.0
0.6	100.0	3.0	0.0
0.65	100.0	3.0	0.0
0.7	100.0	3.0	0.05380853696718501
0.75	100.0	3.0	0.0
0.8	100.0	3.0	0.0
0.85	100.0	3.0	0.0
0.9	100.0	3.0	0.0
0.95	100.0	3.0	0.0
1.0	100.0	3.0	0.010628717964009363
0.05	100.0	4.0	0.5190682432514467
0.1	100.0	4.0	0.0
0.15	100.0	4.0	0.0
0.2	100.0	4.0	0.30724115323357715
0.25	100.0	4.0	0.0
0.3	100.0	4.0	0.0
0.35	100.0	4.0	0.12089256287741071
0.4	100.0	4.0	0.0
0.45	100.0	4.0	0.0
0.5	100.0	4.0	0.0
0.55	100.0	4.0	0.039587171135533235
0.6	100.0	4.0	0.0
0.65	100.0	4.0	0.0
0.7	100.0	4.0	0.010085624609321393
0.75	100.0	4.0	0.0
0.8	100.0	4.0	0.0
0.85	100.0	4.0	0.0025213141738474267
0.9	100.0	4.0	0.0
0.95	100.0	4.0	0.0
1.0	100.0	4.0	0.000603930718863352
0.05	100.0	5.0	0.36958457028159597
0.1	100.0	5.0	0.0
0.15	100.0	5.0	0.31500598441132704
0.2	100.0	5.0	0.0
0.25	100.0	5.0	0.17947319554547136
0.3	100.0	5.0	0.0
0.35	100.0	5.0	0.08407727254844914
0.4	100.0	5.0	0.0
0.45	100.0	5.0	0.033527496410188415
0.5	100.0	5.0	0.0
0.55	100.0	5.0	0.012230681762086717
0.6	100.0	5.0	0.0
0.65	100.0	5.0	0.004242514762594351
0.7	100.0	5.0	0.0
0.75	100.0	5.0	0.0013048188234518882
0.8	100.0	5.0	0.0
0.85	100.0	5.0	0.00039783792800608306
0.9	100.0	5.0	0.0
0.95	100.0	5.0	0.0001241499667731106
1.0	100.0	5.0	3.147756005593937e-05
0.05	100.0	6.0	0.25176123774812037
0.1	100.0	6.0	0.2839463924637544
0.15	100.0	6.0	0.211221351106477
0.2	100.0	6.0	0.0
0.25	100.0	6.0	0.12831189462958473
0.3	100.0	6.0	0.0676048806008424
0.35	100.0	6.0	0.03235968367638546
0.4	100.0	6.0	0.0
0.45	100.0	6.0	0.014517035830712764
0.5	100.0	6.0	0.006141307160562818
0.55	100.0	6.0	0.0025062614269985746
0.6	100.0	6.0	0.0
0.65	100.0	6.0	0.0010073614201092224
0.7	100.0	6.0	0.00039650636843018103
0.75	100.0	6.0	0.00014571680085805232
0.8	100.0	6.0	0.0
0.85	100.0	6.0	5.296349891019294e-05
0.9	100.0	6.0	1.9266452934353124e-05
0.95	100.0	6.0	6.612989300980095e-06
1.0	100.0	6.0	1.52782601846848e-06
