topo	k	count	count_rand	count_rand_sd	count_gi	count_gi_rand	count_gi_rand_sd
Bg	3	64131.0	96170.73000000001	488.92	2542.0	1089.63	61.730000000000004
Bw	3	1631.0	136.4	12.01	207.0	25.3	4.64
Ch	4	434439.0	867297.5	5939.13	11507.0	4772.83	261.15
Ci	4	229181.0	401136.32999999996	3235.83	2222.0	971.5600000000001	92.41
Cj	4	30019.0	4933.97	598.83	1384.0	252.43	46.7
Cr	4	3853.0	1782.47	72.04	190.0	37.33	10.56
Cv	4	3013.0	20.4	11.14	286.0	30.939999999999998	13.27
DhC	5	2414348.0	5946165.470000001	47848.17	21423.0	5957.1	548.5
DhG	5	5178158.0	13176011.559999999	160156.46000000002	36515.0	10110.96	1338.96
DhK	5	239105.0	53990.26999999999	5056.92	4560.0	684.22	130.01
DiK	5	123603.0	88455.89	4100.07	1674.0	247.47000000000003	100.72
DiO	5	794036.0	1490867.86	19443.53	1042.0	366.6	83.0
DiS	5	132107.0	37251.75000000001	4975.530000000001	822.0	119.43999999999998	44.669999999999995
Di[	5	31774.0	405.85	251.99	731.0	59.09	38.02
DjG	5	244411.0	76335.26000000001	8226.170000000002	5558.0	731.8100000000001	180.48
DjK	5	56093.0	681.7	351.84	2403.0	204.57999999999998	102.47
DqK	5	7638.0	12513.1	258.74	241.0	24.6	8.07
Dq[	5	10164.0	709.41	113.45	372.0	23.85	20.86
DrW	5	4062.0	146.53	37.0	30.0	7.2	8.83
Dt[	5	2033.0	1.85	2.94	42.0	7.2	9.19
Dto	5	2602.0	74.41	22.97	36.0	3.6	1.97
Dtw	5	43.0	0.03	0.18	0.0	0.0	0.0
EhCG	6	13688841.0	41546221.53	635048.79	27868.0	3800.16	514.27
EhCO	6	30380271.0	92536124.19	1577781.21	49678.0	6241.5	1004.75
EhCW	6	1346707.0	365492.91	37553.08	6817.0	465.37000000000006	118.65
EhGO	6	18835548.0	60740112.870000005	1144769.58	37891.0	4992.43	844.26
EhGW	6	539022.0	486985.8	28485.68	1882.0	136.6	66.47
EhG_	6	40377388.0	126118643.03	3028083.59	62765.0	7574.130000000001	2250.75
EhGg	6	3319104.0	1276953.95	161498.08999999997	16345.0	1178.56	483.77
EhGw	6	354859.0	6620.37	3979.7200000000003	3094.0	145.44	111.77
EhKO	6	2200148.0	842524.4400000001	91158.37000000001	11865.0	766.3000000000002	197.11
EhKW	6	261708.0	4526.76	2481.3	2944.0	102.89999999999999	49.190000000000005
EiGW	6	334394.0	753483.71	26236.850000000002	2673.0	109.9	62.05000000000001
EiG_	6	13559127.0	45162989.27	937369.52	14033.0	1888.0700000000002	486.35
EiGg	6	1281835.0	353989.03	36665.35	3294.0	296.83	142.04
EiGo	6	591140.0	728275.7500000001	47800.56	1452.0	83.13	57.18000000000001
EiGw	6	133333.0	14613.100000000002	2692.8799999999997	887.0	28.21	33.64
EiKG	6	548050.0	535010.33	29939.369999999995	1653.0	135.64	77.32
EiKo	6	41900.0	3420.48	993.08	0.0	4.6	9.01
EiKw	6	2921.0	5.140000000000001	9.3	0.0	0.67	2.84
EiOg	6	1268034.0	1281671.44	79033.39000000001	3766.0	278.79	199.73999999999998
EiOw	6	103920.0	6265.9	1838.4	0.0	21.14	36.94
EiP?	6	2685419.0	5023015.1	87273.82	288.0	69.06	42.24
EiPG	6	496769.0	199508.39	38028.44	310.0	26.800000000000004	29.169999999999998
EiPW	6	130884.0	3285.65	2932.83	164.0	9.98	19.7
EiSg	6	208240.0	25583.56	4996.9800000000005	1385.0	49.85000000000002	66.98
EiSw	6	32351.0	58.859999999999985	126.60000000000002	108.0	11.159999999999998	22.679999999999996
EiT_	6	19049.0	1099.08	431.59	18.0	1.5299999999999998	3.5
EiW_	6	3941713.0	1922769.83	265654.1	18335.0	1116.62	433.81999999999994
EiWg	6	387513.0	9801.880000000001	5725.639999999999	1728.0	160.85000000000002	150.02
Ei[_	6	647216.0	18590.83	10501.249999999998	6706.0	208.37	168.14999999999998
Ei[g	6	106816.0	75.94000000000001	145.64000000000001	800.0	43.40000000000001	62.86000000000003
Ei[o	6	9502.0	21.8	38.800000000000004	24.0	3.46	4.6
Ei\_	6	9541.0	7.77	18.799999999999997	0.0	2.0	3.4999999999999996
EjGW	6	40481.0	4686.07	913.93	323.0	7.33	8.76
EjGg	6	117644.0	5554.69	1824.8200000000002	1206.0	42.63	32.08
EjGw	6	52913.0	25.79	69.21000000000001	792.0	24.85	23.48
EjKG	6	125342.0	3773.33	2200.7799999999997	980.0	47.53	51.35
EjW_	6	262604.0	7335.400000000001	4500.51	2732.0	89.53	78.38
EqCg	6	32018.0	88201.37	2615.59	304.0	10.4	5.75
EqCw	6	25861.0	5536.07	711.46	534.0	11.540000000000001	12.799999999999999
EqKo	6	10921.0	3924.1899999999996	361.58000000000004	0.0	2.41	5.83
EqKw	6	3074.0	27.759999999999998	29.31	0.0	1.53	3.7600000000000007
EqPw	6	6683.0	43.12	46.160000000000004	0.0	0.5800000000000001	2.82
EqT_	6	34766.0	4280.12	750.49	0.0	13.160000000000002	16.75
EqTo	6	18939.0	143.21	110.17	0.0	3.960000000000001	9.200000000000003
EqWW	6	11951.0	2875.51	344.59	0.0	2.7399999999999998	4.61
EqWw	6	5174.0	69.56999999999998	36.23	0.0	1.1700000000000004	3.54
Eq\_	6	10099.0	71.47000000000001	60.66000000000002	7.0	1.2500000000000007	5.62
ErWW	6	2681.0	12.21	12.710000000000003	0.0	0.4	2.1599999999999997
EslW	6	3780.0	1.8000000000000005	5.399999999999999	0.0	1.8000000000000005	7.200000000000002
EtPG	6	30842.0	690.5	131.98	237.0	9.77	9.73
EtPW	6	2767.0	22.470000000000002	15.84	0.0	0.26	0.68
EtSW	6	5977.0	55.35	42.39000000000001	8.0	1.95	5.89
EtpG	6	10500.0	17.669999999999998	21.19	0.0	8.389999999999999	12.27
EvOw	6	646.0	0.18	1.0799999999999998	0.0	0.0	0.0
EyPW	6	1334.0	5.76	5.379999999999999	0.0	0.09	0.54
